Distrito;AH;AMARILLOS;DEM;EVO;FA;FREVS;IGU;IND;PAVP;PCCH;PDC;PDG;PH;PL;POP;PPD;PR;PS;PSC;PTR;REP;RN;UDI;Votos Blancos;Votos Nulos
1;0.021421111;0;0.051652753;0.00262144;0.02383505;0.03011544;0.0048952;0;0;0.046065418;0.03965776;0.048129371;0.038766424;0.034632065;0.009875245;0.015119971;0.031025682;0.041724479;0.023828133;0;0.149368157;0.079214536;0.051171348;0.100797499;0.156082918
2;0.028733392;0;0.039267881;0.007356287;0.036922236;0.035416288;0.003716574;0.000545855;0;0.029251699;0.055966959;0.057784095;0.005971414;0.018499889;0.009981152;0.034978584;0.043899995;0.029376175;0.037108949;0;0.118930043;0.090656801;0.059099248;0.108783264;0.147753221
3;0.011644213;0;0.032988518;0.035122528;0.040888615;0.05995005;0.002416125;0;0;0.052268247;0.043295096;0.054830952;0.002158381;0.018237709;0.00128258;0.021355877;0.045316014;0.038294349;0.03989867;0;0.099653572;0.064025025;0.040702408;0.117907061;0.177764008
4;0;0.022339755;0.011008828;0;0.039026357;0.086418069;0.01541359;0.000718056;0;0.075816481;0.01947984;0.026814272;0.006027569;0.014320093;0.012838846;0.037569728;0.046919846;0.081845076;0.025435604;0;0.078710248;0.109131213;0.054464566;0.101676764;0.134025198
5;0.008265187;0.01237097;0.03022752;0.011546311;0.049484597;0.020411315;0.00171819;0.006380658;0;0.076278714;0.062618029;0.039467499;0.00171819;0.011204936;0.00171819;0.02786757;0.031660219;0.06002859;0.028225744;0;0.083010041;0.086440225;0.094297193;0.115193223;0.139866889
6;0;0.008467927;0.013054156;0.004787323;0.062424167;0.026491321;0.005864147;0.013872068;0;0.059324563;0.046771871;0.015639886;0.005864147;0.017106487;0.013391757;0.038530703;0.041236581;0.052488793;0.022965275;0;0.135120179;0.127718076;0.057587769;0.092426869;0.138865934
7;0;0.004068346;0.007316329;0.017359134;0.106291338;0.01213421;0.00595603;0.001078875;0;0.063228372;0.042710912;0.031641531;0.00595603;0.011309363;0.017595032;0.030007678;0.032002551;0.034268488;0.025098347;0;0.152693438;0.082577598;0.067865742;0.095277246;0.153563412
8;0.004898547;0;0.020322503;0.014586269;0.137276543;0.018069225;0.003054805;0.002439906;0.031033648;0.072019616;0.040093507;0.030648794;0.021141336;0.027221327;0.003054805;0.0219183;0.02756675;0.035892942;0.011809504;0;0.136010825;0.07168704;0.057095239;0.083908696;0.128249871
9;0.005078185;0;0.028896355;0.014803022;0.074110235;0.01990285;0.001080923;0;0.027561945;0.099838369;0.029824883;0.031645067;0.017483153;0.007428499;0.001080923;0.042835244;0.02643435;0.052144047;0.024456784;0;0.09813335;0.09050819;0.062312708;0.09222363;0.152217287
10;0.008400858;0;0.011920371;0.029660448;0.16289721;0.019808785;0.002207491;0.002877787;0.03679679;0.097689016;0.034845351;0.013072504;0.008707198;0.015867225;0.002207491;0.022478297;0.013061306;0.047347794;0.012762228;0;0.112442994;0.095315528;0.076341067;0.067329226;0.105963036
11;0.022687786;0;0.010441273;0.083051347;0.07591611;0.011343746;0.002093833;0.00441255;0.025073146;0.027953487;0.031199045;0.0023927;0.007895029;0.007371571;0.002093833;0.022648739;0.009511202;0.030585457;0.014437228;0;0.193879151;0.135868362;0.124038736;0.066958899;0.08814677
12;0.015211849;0;0.025480439;0.018058616;0.059320713;0.016918546;0.003417181;0.011247286;0.044920277;0.097163506;0.024545836;0.022720495;0.035270286;0.015862799;0.003417181;0.024901994;0.018880031;0.041048219;0.031617864;0;0.09377216;0.117121104;0.043340179;0.09388194;0.141881498
13;0.012180117;0;0.025604704;0.016346113;0.090928838;0.025328278;0.003302305;0.009839566;0.031465148;0.099967991;0.030337613;0.007081601;0.011683883;0.007889785;0.003302305;0.02059537;0.033089287;0.080669268;0.025916654;0;0.10105186;0.092068585;0.045647593;0.089088961;0.136614175
14;0.004586276;0;0.010615911;0.019774952;0.070075871;0.020116715;0;0.012482096;0.02801929;0.054328765;0.03799721;0.029571233;0.010518086;0.012997492;0;0.027546176;0.033917824;0.081659276;0.023261132;0;0.130195338;0.064444792;0.115503293;0.089645165;0.122743109
15;0;0.003591352;0.018761419;0.00408818;0.056560454;0.029950378;0;0.003569046;0.026070257;0.046960126;0.039957901;0.028543038;0;0.004608125;0;0.083031012;0.057822193;0.06030633;0.015342436;0;0.13144593;0.09862977;0.083731032;0.078843467;0.128187553
16;0;0.006423314;0.033814108;0.016309501;0.053663895;0.037330613;0;0.016990539;0.008337406;0.035836984;0.069167889;0.015490332;0;0.006430904;0;0.023716425;0.070856317;0.086578385;0.010222152;0;0.09406424;0.115176427;0.138317056;0.078805137;0.082468374
17;0.006378489;0.011086714;0.034763852;0.041414054;0.03877532;0.02876192;0;0.003581387;0.007088784;0.037228476;0.062802253;0.021811668;0;0.001203346;0;0.027079692;0.090058259;0.046422328;0.025505771;0;0.091292775;0.113671169;0.108318452;0.087803009;0.114952282
18;0;0.005967051;0.01833512;0.014685576;0.052841552;0.008781811;0;0.008136888;0.001779266;0.045773911;0.055204263;0.010033687;0;0;0;0.066359032;0.04542071;0.042913343;0.024035161;0;0.108603342;0.188348459;0.146199983;0.069802442;0.086778401
19;0;0.013960491;0.020444979;0.024968656;0.029270592;0.012038451;0;0.012727197;0.017538395;0.039665813;0.048962351;0.022478543;0;0.013495664;0;0.044396418;0.082600225;0.070777851;0.030466857;0;0.09118885;0.094416065;0.146667056;0.08734782;0.096587726
20;0;0.012264229;0.03046302;0.022164331;0.049659226;0.04884055;0.027013113;0.008803065;0;0.05090485;0.058144373;0.031680181;0.000467631;0.010643279;0.000467631;0.026195964;0.037961124;0.046987793;0.087521694;0;0.1129067;0.050170357;0.077097919;0.080129724;0.129513244
21;0;0.004444203;0.063934595;0.012202509;0.036290628;0.009926379;0.010613859;0.006308538;0;0.042595356;0.073139207;0.03395008;0.000580462;0.008011133;0.000580462;0.024614899;0.072815727;0.052335406;0.036136855;0;0.1197074;0.113243703;0.102412691;0.081217875;0.094938035
22;0;0.020631498;0.043826154;0.052991532;0.046685769;0.008108626;0;0.009244812;0;0.010883133;0.063518631;0.014536376;0;0.01868679;0;0.078136569;0.048229053;0.044089278;0.042084285;0;0.099136158;0.140972212;0.079243677;0.087994156;0.091001291
23;0;0.029855547;0.02192972;0.021483154;0.058317305;0.028248939;0;0.019490187;0;0.025996467;0.041007147;0.026700928;0;0.017397089;0;0.051067606;0.047362104;0.038243072;0.038482293;0;0.116391848;0.132313046;0.093500094;0.08878845;0.103425006
24;0;0.015122388;0;0.021791105;0.077380319;0.015825568;0;0.003192385;0;0.038341243;0.059608839;0.009740251;0;0;0;0.078679732;0.03336925;0.143434889;0.012492012;0;0.113874042;0.13081347;0.072336136;0.078643905;0.095354464
25;0;0.017673425;0;0.014081314;0.054030612;0.017587286;0;0.031653047;0;0.022967377;0.097671917;0.039414519;0;0.020371845;0;0.031937186;0.026191005;0.077242048;0.032512043;0;0.11825552;0.100071842;0.100037147;0.09085558;0.107446287
26;0;0.021969077;0;0.00835455;0.064591684;0.026672527;0;0.004335681;0;0.029125056;0.055938488;0.022506551;0;0.029275709;0;0.040463406;0.028003141;0.082063793;0.020939325;0;0.110146248;0.128481506;0.108665425;0.109499773;0.108968059
27;0;0;0.025507284;0.021828349;0;0.021606445;0;0;0;0.060322859;0.090279903;0;0;0;0;0.059038151;0.064055518;0.083564386;0.02067912;0;0.076732078;0.151712282;0.153819202;0.082384791;0.088469633
28;0;0;0;0.036327262;0.077847658;0;0;0.142161517;0;0.057615194;0.044516938;0.016695848;0;0;0;0.026694483;0.026257488;0.078123503;0.027421842;0;0.095841427;0.082692358;0.050730697;0.10055256;0.136521224
